5
2391
2384
2354
2347
2340
2333
2313
2311
2297
2291
2284
2280
2272
2263
2231
2227
2223
2218
2217
2187
2182
2181
2151
2148
2145
2133
2125
2117
2109
2101
2093
2085
2077
2069
2067
2065
2063
2062
2061
2060
2055
2052
2049
2046
2043
2040
2037
2034
2027
2025
2022
2019
2018
2014
2011
2008
2001
2000
1997
1994
1991
1990
1988
1984
1982
1981
1978
1976
1973
1970
1880
1877
1808
1807
1804
1803
1802
1801
1800
1799
1798
1797
1796
1795
1794
1793
1792
1791
1790
1789
1788
1785
1784
1783
1782
1781
1780
1779
1778
1777
1776
1775
1774
2001774
2001754
2001753
2001752
2001747
2001742
2001739
2001738
2001737
2001736
2001735
2001734
2001733
2001732